<?xml version="1.0" encoding="UTF-8"?>
<document version="1.3.0">
  <chunk label="Merged Chunk" enabled="1">
    <sensors next_id="6">
      <sensor id="0" label="ONEPLUS A3003 (4.26 mm)" type="frame">
        <resolution width="2610" height="4640"/>
        <property name="pixel_width" value="0.00123649265703063"/>
        <property name="pixel_height" value="0.00123649265703063"/>
        <property name="focal_length" value="4.26"/>
        <property name="fixed" value="0"/>
        <property name="layer_index" value="0"/>
        <calibration type="frame" class="adjusted">
          <resolution width="2610" height="4640"/>
          <fx>3816.82056732362</fx>
          <fy>3816.82056732362</fy>
          <cx>1452.2126785969</cx>
          <cy>2328.7045404441</cy>
          <k1>0.182869449084213</k1>
          <k2>-0.933826721625691</k2>
          <k3>1.48034466910952</k3>
          <p1>0.00154634994307168</p1>
          <p2>0.00909076337024783</p2>
        </calibration>
      </sensor>
      <sensor id="1" label="ILCE-6000 (16 mm)" type="frame">
        <resolution width="6000" height="3376"/>
        <property name="pixel_width" value="0.00418971530846188"/>
        <property name="pixel_height" value="0.00418971530846188"/>
        <property name="focal_length" value="16"/>
        <property name="fixed" value="0"/>
        <property name="layer_index" value="0"/>
        <calibration type="frame" class="adjusted">
          <resolution width="6000" height="3376"/>
          <fx>4049.93115628682</fx>
          <fy>4058.98430920701</fy>
          <cx>2991.53633734339</cx>
          <cy>1644.17837805978</cy>
          <k1>-0.0545253414202537</k1>
          <k2>0.0368724116469217</k2>
          <p1>-0.00268403700627314</p1>
          <p2>0.000759636536199334</p2>
        </calibration>
      </sensor>
      <sensor id="2" label="ILCE-6000 (16 mm)" type="frame">
        <resolution width="6000" height="3376"/>
        <property name="pixel_width" value="0.00418971530846188"/>
        <property name="pixel_height" value="0.00418971530846188"/>
        <property name="focal_length" value="16"/>
        <property name="fixed" value="0"/>
        <property name="layer_index" value="0"/>
        <calibration type="frame" class="adjusted">
          <resolution width="6000" height="3376"/>
          <fx>4033.20241915162</fx>
          <fy>4034.54887879677</fy>
          <cx>2970.16408310974</cx>
          <cy>1657.07926177896</cy>
          <skew>0.598559665937466</skew>
          <k1>-0.0464925103766967</k1>
          <k2>0.00240126332424747</k2>
          <k3>0.0127181158595989</k3>
          <p1>-0.00227639161185847</p1>
          <p2>-0.00035768800184826</p2>
        </calibration>
      </sensor>
      <sensor id="3" label="ILCE-6000 (28 mm)" type="frame">
        <resolution width="6000" height="3376"/>
        <property name="pixel_width" value="0.00418971530846188"/>
        <property name="pixel_height" value="0.00418971530846188"/>
        <property name="focal_length" value="28"/>
        <property name="fixed" value="0"/>
        <property name="layer_index" value="0"/>
        <calibration type="frame" class="adjusted">
          <resolution width="6000" height="3376"/>
          <fx>7222.26157926165</fx>
          <fy>7232.97353573873</fy>
          <cx>2966.66261274215</cx>
          <cy>1657.5380007658</cy>
          <skew>2.14609342516783</skew>
          <k1>0.00262556139638225</k1>
          <k2>0.0606406753273901</k2>
          <p1>-0.00399931057752429</p1>
          <p2>0.000588576218179364</p2>
        </calibration>
      </sensor>
      <sensor id="4" label="ILCE-6000 (16 mm)" type="frame">
        <resolution width="6000" height="3376"/>
        <property name="pixel_width" value="0.00418971530846188"/>
        <property name="pixel_height" value="0.00418971530846188"/>
        <property name="focal_length" value="16"/>
        <property name="fixed" value="0"/>
        <property name="layer_index" value="0"/>
      </sensor>
      <sensor id="5" label="ILCE-6000 (16 mm)" type="frame">
        <resolution width="6000" height="3376"/>
        <property name="pixel_width" value="0.00418971530846188"/>
        <property name="pixel_height" value="0.00418971530846188"/>
        <property name="focal_length" value="16"/>
        <property name="fixed" value="0"/>
        <property name="layer_index" value="0"/>
        <calibration type="frame" class="adjusted">
          <resolution width="6000" height="3376"/>
          <fx>4003.55675121245</fx>
          <fy>4003.55675121245</fy>
          <cx>3033.96611076342</cx>
          <cy>1609.4162083475</cy>
          <k1>-0.0467419375044481</k1>
          <k2>0.00321695798355735</k2>
          <k3>0.00903469971391551</k3>
          <p1>-0.00447529661927275</p1>
          <p2>0.00219308402604398</p2>
        </calibration>
      </sensor>
    </sensors>
    <cameras next_id="301" next_group_id="0">
      <camera id="18" label="DSC02075.JPG" sensor_id="2" enabled="1">
        <transform>-5.9821902376236036e-01 1.5310349275955148e-02 8.0118636584371350e-01 -5.2789630179786457e+01 -6.7243880098282038e-01 5.3420859724799785e-01 -5.1229604093640402e-01 2.3764961979195181e+01 -4.3584407595101665e-01 -8.4521403669802775e-01 -3.0927847262140562e-01 -2.1795891074776659e+01 0.0000000000000000e+00 0.0000000000000000e+00 0.0000000000000000e+00 1.0000000000000000e+00</transform>
        <orientation>1</orientation>
      </camera>
      <camera id="19" label="DSC02076.JPG" sensor_id="3" enabled="1">
        <transform>-5.7533844979389315e-01 -8.8074826339937795e-03 8.1786801896052386e-01 -5.3421507915196493e+01 -6.7730382159662383e-01 5.6569978226353634e-01 -4.7036505992430711e-01 2.3565797737233442e+01 -4.5852502814935708e-01 -8.2456423921768540e-01 -3.3143417742289544e-01 -2.1089853097777734e+01 0.0000000000000000e+00 0.0000000000000000e+00 0.0000000000000000e+00 1.0000000000000000e+00</transform>
        <orientation>1</orientation>
      </camera>
      <camera id="20" label="DSC02077.JPG" sensor_id="3" enabled="1">
        <transform>-5.6296983317139970e-01 1.4217677815383017e-01 8.1415645344906717e-01 -4.1422215176579058e+01 -6.8856651480802489e-01 4.6414008668164797e-01 -5.5718052247030525e-01 2.0976990529815737e+01 -4.5710077841116881e-01 -8.7427669744134717e-01 -1.6339869854730971e-01 -3.0212250996610422e+01 0.0000000000000000e+00 0.0000000000000000e+00 0.0000000000000000e+00 1.0000000000000000e+00</transform>
        <orientation>1</orientation>
      </camera>
      <camera id="21" label="DSC02078.JPG" sensor_id="3" enabled="1">
        <transform>-5.7424371876748548e-01 2.0372833249980363e-01 7.9293058838270214e-01 -4.0745881703635206e+01 -6.7784387410524971e-01 4.2481956411411081e-01 -6.0004668175391385e-01 2.2790156688225530e+01 -4.5909893682525038e-01 -8.8205617989034346e-01 -1.0585396413540005e-01 -3.4238535256817187e+01 0.0000000000000000e+00 0.0000000000000000e+00 0.0000000000000000e+00 1.0000000000000000e+00</transform>
        <orientation>1</orientation>
      </camera>
      <camera id="22" label="DSC02079.JPG" sensor_id="3" enabled="1">
        <transform>-5.6969446515762623e-01 3.5145659384425626e-01 7.4291754523107034e-01 -4.3270660102606129e+01 -6.6793389402462866e-01 3.2870353663167873e-01 -6.6769626194769305e-01 2.6761167460503099e+01 -4.7886587848985673e-01 -8.7660267376344436e-01 4.7489185810221879e-02 -3.8869768371768572e+01 0.0000000000000000e+00 0.0000000000000000e+00 0.0000000000000000e+00 1.0000000000000000e+00</transform>
        <orientation>1</orientation>
      </camera>
      <camera id="23" label="DSC02080.JPG" sensor_id="3" enabled="1">
        <transform>-5.6112076297718849e-01 1.7120825481106411e-01 8.0983407117782313e-01 -4.3518122097589668e+01 -6.8355089641355482e-01 4.5590789896320272e-01 -5.7000540319823578e-01 2.0490647053181803e+01 -4.6679938021394518e-01 -8.7340467204355376e-01 -1.3878983206405621e-01 -2.6991624503335984e+01 0.0000000000000000e+00 0.0000000000000000e+00 0.0000000000000000e+00 1.0000000000000000e+00</transform>
        <orientation>1</orientation>
      </camera>
      <camera id="24" label="DSC02081.JPG" sensor_id="3" enabled="1">
        <transform>-4.4561772919177756e-01 1.8496982187730099e-01 8.7590581938051038e-01 -4.1661734480677197e+01 -7.5439014463481890e-01 4.4920251362040120e-01 -4.7865709170028031e-01 2.2387548830425288e+01 -4.8199621275256999e-01 -8.7407280403396204e-01 -6.0633193387667761e-02 -2.7193575129475249e+01 0.0000000000000000e+00 0.0000000000000000e+00 0.0000000000000000e+00 1.0000000000000000e+00</transform>
        <orientation>1</orientation>
      </camera>
      <camera id="25" label="DSC02082.JPG" sensor_id="3" enabled="1">
        <transform>-4.9231377484363370e-01 4.2711491888670738e-02 8.6936924005847827e-01 -4.1192156713575329e+01 -7.1585903837723452e-01 5.4831062220336169e-01 -4.3232082849729014e-01 1.6011367536949489e+01 -4.9514945650059339e-01 -8.3518332720403743e-01 -2.3936546469271769e-01 -1.9934109625677568e+01 0.0000000000000000e+00 0.0000000000000000e+00 0.0000000000000000e+00 1.0000000000000000e+00</transform>
        <orientation>1</orientation>
      </camera>
      <camera id="26" label="DSC02083.JPG" sensor_id="3" enabled="1">
        <transform>-4.7873987209780444e-01 -3.3083394204581063e-02 8.7733324563228643e-01 -4.0700924581626410e+01 -7.3127483725018816e-01 5.6801430205825554e-01 -3.7762000087652026e-01 1.9194776606993145e+01 -4.8584487984179531e-01 -8.2235347733512776e-01 -2.9612414802973197e-01 -2.4871057186244741e+01 0.0000000000000000e+00 0.0000000000000000e+00 0.0000000000000000e+00 1.0000000000000000e+00</transform>
        <orientation>1</orientation>
      </camera>
      <camera id="27" label="DSC02084.JPG" sensor_id="3" enabled="1">
        <transform>-5.9862305819444228e-01 -3.6013183490045231e-02 8.0022089751070968e-01 -4.5532384370811215e+01 -6.6245423530011260e-01 5.8388759666545920e-01 -4.6928633113822604e-01 1.8078673503527583e+01 -4.5033856189635407e-01 -8.1103534144644152e-01 -3.7338566468730094e-01 -2.4847757659800884e+01 0.0000000000000000e+00 0.0000000000000000e+00 0.0000000000000000e+00 1.0000000000000000e+00</transform>
        <orientation>1</orientation>
      </camera>
      <camera id="28" label="DSC02085.JPG" sensor_id="3" enabled="1">
        <transform>-6.0791516916013777e-01 -8.4212423194244213e-02 7.8952353662494090e-01 -4.6557520306994071e+01 -7.0162298256244915e-01 5.2247461951017660e-01 -4.8450537902882951e-01 1.1051189695869921e+01 -3.7170463737378129e-01 -8.4848602802135165e-01 -3.7670561823176418e-01 -2.8754313561598376e+01 0.0000000000000000e+00 0.0000000000000000e+00 0.0000000000000000e+00 1.0000000000000000e+00</transform>
        <orientation>1</orientation>
      </camera>
      <camera id="29" label="DSC02086.JPG" sensor_id="3" enabled="1">
        <transform>-6.1552965466936904e-01 1.0476445137416901e-01 7.8111948762713423e-01 -4.5686544767462237e+01 -6.5178150930601697e-01 4.8952277716327197e-01 -5.7926532328901637e-01 1.1661635923929895e+01 -4.4306219467404107e-01 -8.6567422299998475e-01 -2.3303225374182635e-01 -3.5986157002234073e+01 0.0000000000000000e+00 0.0000000000000000e+00 0.0000000000000000e+00 1.0000000000000000e+00</transform>
        <orientation>1</orientation>
      </camera>
      <camera id="30" label="DSC02087.JPG" sensor_id="3" enabled="1">
        <transform>-6.3256228147944649e-01 6.1707901142507127e-02 7.7204733986077834e-01 -4.7990897575082123e+01 -6.6345241893761253e-01 4.7115272337168612e-01 -5.8124521422999620e-01 8.9821672818140694e+00 -3.9961962896653147e-01 -8.7989047397731834e-01 -2.5709318534068892e-01 -3.7734536891677351e+01 0.0000000000000000e+00 0.0000000000000000e+00 0.0000000000000000e+00 1.0000000000000000e+00</transform>
        <orientation>1</orientation>
      </camera>
      <camera id="31" label="DSC02088.JPG" sensor_id="3" enabled="1">
        <transform>-6.5469462048641291e-01 7.1946360231123330e-02 7.5246174331699089e-01 -4.9903555452418672e+01 -6.4227678450210479e-01 4.7193732198557981e-01 -6.0395007757820107e-01 6.3908394787256704e+00 -3.9856678988067795e-01 -8.7869157579128510e-01 -2.6276534900484766e-01 -3.9416295777039153e+01 0.0000000000000000e+00 0.0000000000000000e+00 0.0000000000000000e+00 1.0000000000000000e+00</transform>
        <orientation>1</orientation>
      </camera>
      <camera id="32" label="DSC02089.JPG" sensor_id="3" enabled="1">
        <transform>-6.3192046796135770e-01 7.8280010595033866e-02 7.7106988147167310e-01 -5.1814979340852197e+01 -6.6423311876763835e-01 4.5791718633658041e-01 -5.9085210872925342e-01 4.5561145171149739e+00 -3.9933805992381333e-01 -8.8554169320186749e-01 -2.3737106710265715e-01 -4.0819896405994818e+01 0.0000000000000000e+00 0.0000000000000000e+00 0.0000000000000000e+00 1.0000000000000000e+00</transform>
        <orientation>1</orientation>
      </camera>
      <camera id="33" label="DSC02090.JPG" sensor_id="3" enabled="1">
        <transform>-6.3702834962768273e-01 -1.3829521566376402e-03 7.7083913316201280e-01 -4.5102299368455128e+01 -6.4877857323646071e-01 5.4098288114529258e-01 -5.3518584175686157e-01 1.1903494542136418e+01 -4.1627063874346604e-01 -8.4103246652615637e-01 -3.4551866167985235e-01 -3.3438333125959190e+01 0.0000000000000000e+00 0.0000000000000000e+00 0.0000000000000000e+00 1.0000000000000000e+00</transform>
        <orientation>1</orientation>
      </camera>
      <camera id="34" label="DSC02091.JPG" sensor_id="3" enabled="1">
        <transform>-6.0440849529560137e-01 -1.7620671249414804e-01 7.7694373366834724e-01 -4.2116518854542235e+01 -6.8291410046417877e-01 6.1681257718359572e-01 -3.9137012662610404e-01 6.7373778445985497e+00 -4.1026662330941399e-01 -7.6713326032713236e-01 -4.9314081021363021e-01 -2.8462528684508122e+01 0.0000000000000000e+00 0.0000000000000000e+00 0.0000000000000000e+00 1.0000000000000000e+00</transform>
        <orientation>1</orientation>
      </camera>
      <camera id="35" label="DSC02092.JPG" sensor_id="2" enabled="1">
        <transform>-6.5081977940701807e-01 -1.2451712733491843e-01 7.4895200095390635e-01 -4.5021887043977017e+01 -6.7467756373546406e-01 5.4726223849828348e-01 -4.9529206263156206e-01 6.4190216138534879e+00 -3.4820080373913459e-01 -8.2764698230230271e-01 -4.4017800145090491e-01 -2.8999558164419874e+01 0.0000000000000000e+00 0.0000000000000000e+00 0.0000000000000000e+00 1.0000000000000000e+00</transform>
        <orientation>1</orientation>
      </camera>
      <camera id="36" label="DSC02093.JPG" sensor_id="2" enabled="1">
        <transform>-6.4068947156746925e-01 -1.1810912795137735e-01 7.5866147583567345e-01 -4.6391499355294528e+01 -6.6028361344614295e-01 5.8902839690071629e-01 -4.6590889394717072e-01 -9.8864682951937510e-01 -3.9184505973292738e-01 -7.9943466370875904e-01 -4.5536981413326205e-01 -3.3919833201873125e+01 0.0000000000000000e+00 0.0000000000000000e+00 0.0000000000000000e+00 1.0000000000000000e+00</transform>
        <orientation>1</orientation>
      </camera>
      <camera id="37" label="DSC02094.JPG" sensor_id="2" enabled="1">
        <transform>-6.2706604932307219e-01 -6.4511065773469156e-02 7.7629021131219067e-01 -4.8193741375830285e+01 -6.6261997664093442e-01 5.6811685782158183e-01 -4.8803483729678576e-01 3.1170002004699349e-01 -4.0953990811973628e-01 -8.2041547904199352e-01 -3.9899311448391483e-01 -3.6439924986358847e+01 0.0000000000000000e+00 0.0000000000000000e+00 0.0000000000000000e+00 1.0000000000000000e+00</transform>
        <orientation>1</orientation>
      </camera>
      <camera id="38" label="DSC02095.JPG" sensor_id="2" enabled="1">
        <transform>-6.2062228869459057e-01 -1.2742727949084265e-02 7.8400612093267741e-01 -4.9122308003381200e+01 -6.6305640483747663e-01 5.4224852515058053e-01 -5.1606466743618518e-01 1.1674979998794113e+00 -4.1855009112349806e-01 -8.4012151493485498e-01 -3.4498066810196143e-01 -3.9236284970652328e+01 0.0000000000000000e+00 0.0000000000000000e+00 0.0000000000000000e+00 1.0000000000000000e+00</transform>
        <orientation>1</orientation>
      </camera>
      <camera id="39" label="DSC02096.JPG" sensor_id="2" enabled="1">
        <transform>-5.3977600336911924e-01 5.7015337943346356e-01 6.1932785348913666e-01 -4.7528747647161545e+01 -6.8476279999677858e-01 1.3053832756952000e-01 -7.1697953441916651e-01 4.3564522957232361e+00 -4.8963432674541169e-01 -8.1110102265744533e-01 3.1995836778651976e-01 -5.1108075000106666e+01 0.0000000000000000e+00 0.0000000000000000e+00 0.0000000000000000e+00 1.0000000000000000e+00</transform>
        <orientation>1</orientation>
      </camera>
      <camera id="40" label="DSC02097.JPG" sensor_id="2" enabled="1">
        <transform>-4.6827612664393298e-01 5.6225320092388187e-01 6.8160751702589373e-01 -5.1535437510910043e+01 -7.2573611325720089e-01 1.9527819508956518e-01 -6.5967683030169622e-01 1.5346191704739667e+00 -5.0400849509674583e-01 -8.0357810110368888e-01 3.1660333589035822e-01 -5.5119653122453286e+01 0.0000000000000000e+00 0.0000000000000000e+00 0.0000000000000000e+00 1.0000000000000000e+00</transform>
        <orientation>1</orientation>
      </camera>
      <camera id="41" label="DSC02098.JPG" sensor_id="2" enabled="1">
        <transform>-5.1783393367136510e-01 2.0087853670212563e-01 8.3156228307376512e-01 -5.7097956814397477e+01 -7.1184285345762655e-01 4.3794541545470755e-01 -5.4907519071936450e-01 -2.6979342378620608e+00 -4.7447631038835214e-01 -8.7627143430253129e-01 -8.3789046453818239e-02 -4.7418957368657942e+01 0.0000000000000000e+00 0.0000000000000000e+00 0.0000000000000000e+00 1.0000000000000000e+00</transform>
        <orientation>1</orientation>
      </camera>
      <camera id="42" label="DSC02099.JPG" sensor_id="2" enabled="1">
        <transform>-5.0044584999916286e-01 1.1524663097810472e-02 8.6569113046114632e-01 -5.7838065638437541e+01 -7.3392265517760524e-01 5.2476095418711566e-01 -4.3125801694308480e-01 -6.5361486357554774e+00 -4.5925100700561278e-01 -8.5117161788978257e-01 -2.5415623042377034e-01 -4.1495883955575323e+01 0.0000000000000000e+00 0.0000000000000000e+00 0.0000000000000000e+00 1.0000000000000000e+00</transform>
        <orientation>1</orientation>
      </camera>
      <camera id="43" label="DSC02100.JPG" sensor_id="2" enabled="1">
        <transform>-4.5473475966738997e-01 -9.0103015971897460e-02 8.8605741623385170e-01 -5.7015559640406835e+01 -7.7304025353379657e-01 5.3399397054986397e-01 -3.4243131549669220e-01 -9.7692328563015227e+00 -4.4229522354039136e-01 -8.4067347164589390e-01 -3.1247887817290282e-01 -3.7403916610584780e+01 0.0000000000000000e+00 0.0000000000000000e+00 0.0000000000000000e+00 1.0000000000000000e+00</transform>
        <orientation>1</orientation>
      </camera>
      <camera id="44" label="DSC02101.JPG" sensor_id="2" enabled="1">
        <transform>-4.4589738057563277e-01 -1.5510614620118046e-01 8.8154274394745435e-01 -5.2041389589620039e+01 -7.5940111641202479e-01 5.8688177263577590e-01 -2.8085535305573123e-01 -8.2499596484830420e+00 -4.7379897676964172e-01 -7.9467721016681181e-01 -3.7947682571341990e-01 -3.1966362499735091e+01 0.0000000000000000e+00 0.0000000000000000e+00 0.0000000000000000e+00 1.0000000000000000e+00</transform>
        <orientation>1</orientation>
      </camera>
      <camera id="45" label="DSC02102.JPG" sensor_id="2" enabled="1">
        <transform>-5.5368774646006313e-01 -1.4400731132418015e-01 8.2017789149986076e-01 -4.5296014370344395e+01 -7.0257217430461760e-01 6.0950834205563365e-01 -3.6727635488481225e-01 -2.6741873673570744e+00 -4.4701478645885845e-01 -7.7959058181187213e-01 -4.3865283019418433e-01 -2.9375241343680202e+01 0.0000000000000000e+00 0.0000000000000000e+00 0.0000000000000000e+00 1.0000000000000000e+00</transform>
        <orientation>1</orientation>
      </camera>
      <camera id="46" label="DSC02103.JPG" sensor_id="2" enabled="1">
        <transform>-5.4879735978861233e-01 -1.4276766720301742e-01 8.2367399563811439e-01 -4.2433162911009006e+01 -6.9806959765376986e-01 6.2034841885132208e-01 -3.5758450198542935e-01 -2.6688816433057028e-01 -4.5991335566664293e-01 -7.7122320532390098e-01 -4.4010734241702387e-01 -2.8043636227981725e+01 0.0000000000000000e+00 0.0000000000000000e+00 0.0000000000000000e+00 1.0000000000000000e+00</transform>
        <orientation>1</orientation>
      </camera>
      <camera id="47" label="DSC02104.JPG" sensor_id="2" enabled="1">
        <transform>-5.4498898627314740e-01 -1.5337853286566722e-01 8.2429486865862667e-01 -4.0875267587242682e+01 -6.9231817335220525e-01 6.3688461089776660e-01 -3.3922490953328593e-01 1.9754452980043062e+00 -4.7295089775497118e-01 -7.5554815733848191e-01 -4.5328184417114181e-01 -2.6661227431646299e+01 0.0000000000000000e+00 0.0000000000000000e+00 0.0000000000000000e+00 1.0000000000000000e+00</transform>
        <orientation>1</orientation>
      </camera>
      <camera id="48" label="DSC02105.JPG" sensor_id="2" enabled="1">
        <transform>-5.4587321766703845e-01 -1.4377506193575762e-01 8.2543998073706315e-01 -3.8915730384641769e+01 -6.9123860532571069e-01 6.3403166100132191e-01 -3.4668868362735950e-01 4.0870342067606398e+00 -4.7350989508266927e-01 -7.5982404832518569e-01 -4.4548377618665924e-01 -2.5368875716843498e+01 0.0000000000000000e+00 0.0000000000000000e+00 0.0000000000000000e+00 1.0000000000000000e+00</transform>
        <orientation>1</orientation>
      </camera>
      <camera id="49" label="DSC02106.JPG" sensor_id="2" enabled="1">
        <transform>-5.1864380834282986e-01 -1.5329161532870450e-01 8.4113630330497702e-01 -3.7191211968528691e+01 -7.0738636092176088e-01 6.2950284775218113e-01 -3.2145093102021427e-01 6.6250148725379017e+00 -4.8022196581322074e-01 -7.6172688369376251e-01 -4.3492415224803854e-01 -2.3739244991740268e+01 0.0000000000000000e+00 0.0000000000000000e+00 0.0000000000000000e+00 1.0000000000000000e+00</transform>
        <orientation>1</orientation>
      </camera>
      <camera id="50" label="DSC02107.JPG" sensor_id="2" enabled="1">
        <transform>-5.8807014178349148e-01 -1.1024369653690047e-01 8.0126140286215219e-01 -3.7976056855176431e+01 -6.8839831851656008e-01 5.8828656245274047e-01 -4.2429550492682672e-01 1.1602689342548921e+01 -4.2459541142871171e-01 -8.0110252016294270e-01 -4.2184533751395792e-01 -2.0639351126351308e+01 0.0000000000000000e+00 0.0000000000000000e+00 0.0000000000000000e+00 1.0000000000000000e+00</transform>
        <orientation>1</orientation>
      </camera>
      <camera id="51" label="DSC02108.JPG" sensor_id="2" enabled="1">
        <transform>-5.1723912955283191e-01 -1.0305716008893567e-01 8.4961338537821562e-01 -3.2907317470499059e+01 -7.2505398487014650e-01 5.8020093862370581e-01 -3.7103044328476920e-01 1.1985876838984142e+01 -4.5470913987223771e-01 -8.0792703418970613e-01 -3.7482463305134506e-01 -1.8967947639315852e+01 0.0000000000000000e+00 0.0000000000000000e+00 0.0000000000000000e+00 1.0000000000000000e+00</transform>
        <orientation>1</orientation>
      </camera>
      <camera id="52" label="DSC02109.JPG" sensor_id="2" enabled="1">
        <transform>-4.6235851813717121e-01 -9.2835992771750475e-02 8.8181975434443660e-01 -2.9898996666836030e+01 -7.5127271650497263e-01 5.6925082688443818e-01 -3.3398024122187497e-01 1.5779110280301778e+01 -4.7097123706362143e-01 -8.1690573173253378e-01 -3.3294311724571740e-01 -1.5959251919395985e+01 0.0000000000000000e+00 0.0000000000000000e+00 0.0000000000000000e+00 1.0000000000000000e+00</transform>
        <orientation>1</orientation>
      </camera>
      <camera id="53" label="DSC02110.JPG" sensor_id="2" enabled="1">
        <transform>-4.8555479639104004e-01 -2.1754740521990634e-01 8.4670518256577454e-01 -2.6869268507887327e+01 -7.5796817077721579e-01 5.8733652338697939e-01 -2.8376056876235983e-01 1.1051094893968596e+01 -4.3556950282394347e-01 -7.7955688360618192e-01 -4.5007807481804807e-01 -1.4746617934133582e+01 0.0000000000000000e+00 0.0000000000000000e+00 0.0000000000000000e+00 1.0000000000000000e+00</transform>
        <orientation>1</orientation>
      </camera>
      <camera id="54" label="DSC02111.JPG" sensor_id="2" enabled="1">
        <transform>-5.1346864504211309e-01 -2.5254053938185966e-01 8.2010561912922897e-01 -2.7975029983848778e+01 -7.1968485312222974e-01 6.4723062383142627e-01 -2.5128913975979467e-01 6.0910745761634582e+00 -4.6733677658092676e-01 -7.1924668615399434e-01 -5.1408223244092621e-01 -1.6857443174712543e+01 0.0000000000000000e+00 0.0000000000000000e+00 0.0000000000000000e+00 1.0000000000000000e+00</transform>
        <orientation>1</orientation>
      </camera>
      <camera id="55" label="DSC02112.JPG" sensor_id="2" enabled="1">
        <transform>-5.4610444745100917e-01 -2.3852659108551108e-01 8.0304109348112052e-01 -2.9299302711384119e+01 -7.0796091573847253e-01 6.4387734923767859e-01 -2.9019528067390155e-01 4.3292019474045622e+00 -4.4784067955130169e-01 -7.2699864132182979e-01 -5.2049178788453720e-01 -1.7619509656385556e+01 0.0000000000000000e+00 0.0000000000000000e+00 0.0000000000000000e+00 1.0000000000000000e+00</transform>
        <orientation>1</orientation>
      </camera>
      <camera id="56" label="DSC02113.JPG" sensor_id="2" enabled="1">
        <transform>-5.5498606270259287e-01 -2.5160102913208321e-01 7.9289809707524861e-01 -3.0988140622922828e+01 -6.9646483945247795e-01 6.6176391117488031e-01 -2.7749820408961157e-01 1.5182522358585908e+00 -4.5489251215238524e-01 -7.0623328157642229e-01 -5.4250101786216964e-01 -1.9302553278195514e+01 0.0000000000000000e+00 0.0000000000000000e+00 0.0000000000000000e+00 1.0000000000000000e+00</transform>
        <orientation>1</orientation>
      </camera>
      <camera id="57" label="DSC02114.JPG" sensor_id="2" enabled="1">
        <transform>-5.5884144643621525e-01 -2.8330924278801306e-01 7.7937931118035297e-01 -3.3151715052207507e+01 -6.8931351547243180e-01 6.8118459329231495e-01 -2.4664636070337806e-01 -2.1113846903853810e+00 -4.6102398541954026e-01 -6.7507290184991564e-01 -5.7596307351758025e-01 -2.1600714431398693e+01 0.0000000000000000e+00 0.0000000000000000e+00 0.0000000000000000e+00 1.0000000000000000e+00</transform>
        <orientation>1</orientation>
      </camera>
      <camera id="58" label="DSC02115.JPG" sensor_id="2" enabled="1">
        <transform>-5.8583019349637111e-01 -2.9827836761963178e-01 7.5354694598158389e-01 -3.5153310945803568e+01 -6.8865217513723120e-01 6.7342073016454274e-01 -2.6881722761648785e-01 -5.9888325582657060e+00 -4.2727177073469835e-01 -6.7641299188796056e-01 -5.9992024331440352e-01 -2.4017638639749912e+01 0.0000000000000000e+00 0.0000000000000000e+00 0.0000000000000000e+00 1.0000000000000000e+00</transform>
        <orientation>1</orientation>
      </camera>
      <camera id="59" label="DSC02116.JPG" sensor_id="2" enabled="1">
        <transform>-5.8707094772020152e-01 -3.1272825275342597e-01 7.4669186568000978e-01 -3.7384210246285662e+01 -7.0114751658649632e-01 6.5747310151244809e-01 -2.7590085315596824e-01 -8.9208287117802136e+00 -4.0464782506210673e-01 -6.8551452261596291e-01 -6.0525199458995182e-01 -2.5906167068638183e+01 0.0000000000000000e+00 0.0000000000000000e+00 0.0000000000000000e+00 1.0000000000000000e+00</transform>
        <orientation>1</orientation>
      </camera>
      <camera id="60" label="DSC02117.JPG" sensor_id="2" enabled="1">
        <transform>-6.2945655768162201e-01 -3.2738532806081355e-01 7.0470085068922417e-01 -3.9665855290016097e+01 -6.8544433124209891e-01 6.6111020924595554e-01 -3.0512187728650453e-01 -1.1741859800820780e+01 -3.6599250096098224e-01 -6.7509416987653093e-01 -6.4054457381125551e-01 -2.8199579898446622e+01 0.0000000000000000e+00 0.0000000000000000e+00 0.0000000000000000e+00 1.0000000000000000e+00</transform>
        <orientation>1</orientation>
      </camera>
      <camera id="61" label="DSC02118.JPG" sensor_id="2" enabled="1">
        <transform>-6.1427567811415162e-01 -3.2766377723925399e-01 7.1784527606072879e-01 -4.2537412147943037e+01 -6.9709538326336984e-01 6.5161786744049932e-01 -2.9908557548834014e-01 -1.5258356763316641e+01 -3.6976129855664303e-01 -6.8412762253661463e-01 -6.2868591376943117e-01 -3.0957447431633287e+01 0.0000000000000000e+00 0.0000000000000000e+00 0.0000000000000000e+00 1.0000000000000000e+00</transform>
        <orientation>1</orientation>
      </camera>
      <camera id="62" label="DSC02119.JPG" sensor_id="2" enabled="1">
        <transform>-5.8354912662379110e-01 -3.5484223893379274e-01 7.3045013675477100e-01 -4.4827934560419997e+01 -7.3610305008909915e-01 6.1100497534191534e-01 -2.9124769485259622e-01 -1.8098730682902506e+01 -3.4296168367054614e-01 -7.0764391156561146e-01 -6.1775187410317522e-01 -3.3027161225439869e+01 0.0000000000000000e+00 0.0000000000000000e+00 0.0000000000000000e+00 1.0000000000000000e+00</transform>
        <orientation>1</orientation>
      </camera>
      <camera id="63" label="DSC02120.JPG" sensor_id="2" enabled="1">
        <transform>-5.7504648305360551e-01 -3.5353354544218513e-01 7.3779101009348036e-01 -4.6966749530114839e+01 -7.2807151367265055e-01 6.3245377467974317e-01 -2.6441273394403786e-01 -1.7323103724818736e+01 -3.7313993796710504e-01 -6.8921423022194162e-01 -6.2108802238771410e-01 -3.5568044568384096e+01 0.0000000000000000e+00 0.0000000000000000e+00 0.0000000000000000e+00 1.0000000000000000e+00</transform>
        <orientation>1</orientation>
      </camera>
      <camera id="64" label="DSC02121.JPG" sensor_id="2" enabled="1">
        <transform>-5.8889352135802220e-01 -3.2384028337659077e-01 7.4049435606567471e-01 -4.8173991980414385e+01 -7.0165206851384654e-01 6.5956314371655311e-01 -2.6955673651566997e-01 -1.4678647287082665e+01 -4.0110945545173737e-01 -6.7830961242879884e-01 -6.1563566696050320e-01 -3.7036862454281383e+01 0.0000000000000000e+00 0.0000000000000000e+00 0.0000000000000000e+00 1.0000000000000000e+00</transform>
        <orientation>1</orientation>
      </camera>
      <camera id="65" label="DSC02122.JPG" sensor_id="2" enabled="1">
        <transform>-6.1228690049963252e-01 -2.2017546601186655e-01 7.5935993813409097e-01 -5.1489902697555536e+01 -6.7260554167793163e-01 6.4988939088523667e-01 -3.5390050143924923e-01 -1.0171686154619071e+01 -4.1557975983039563e-01 -7.2743834362870452e-01 -5.4600999939381833e-01 -3.8043688030382000e+01 0.0000000000000000e+00 0.0000000000000000e+00 0.0000000000000000e+00 1.0000000000000000e+00</transform>
        <orientation>1</orientation>
      </camera>
      <camera id="66" label="DSC02123.JPG" sensor_id="2" enabled="1">
        <transform>-6.3340093159199107e-01 -1.5221889035048392e-01 7.5870459948445368e-01 -5.2527309659470411e+01 -6.4052960342833165e-01 6.5327399346889925e-01 -4.0367674764487105e-01 -7.4090258214044731e+00 -4.3419475698163623e-01 -7.4166198424731467e-01 -5.1128506151851727e-01 -4.0181743471292314e+01 0.0000000000000000e+00 0.0000000000000000e+00 0.0000000000000000e+00 1.0000000000000000e+00</transform>
        <orientation>1</orientation>
      </camera>
      <camera id="67" label="DSC02124.JPG" sensor_id="2" enabled="1">
        <transform>-5.2059969927608440e-01 -2.6266005010557647e-02 8.5339677178580642e-01 -5.3575634061625003e+01 -7.0784713071888439e-01 5.7218147049305035e-01 -4.1419899125595755e-01 -4.1489534357313929e+00 -4.7741846701472812e-01 -8.1970632656165066e-01 -3.1646981775220107e-01 -4.3899589214128184e+01 0.0000000000000000e+00 0.0000000000000000e+00 0.0000000000000000e+00 1.0000000000000000e+00</transform>
        <orientation>1</orientation>
      </camera>
      <camera id="68" label="DSC02125.JPG" sensor_id="2" enabled="1">
        <transform>-5.9258478934754921e-01 7.7455070732657605e-01 2.2116615747853788e-01 -1.9718403590445952e+01 -4.4164434588044471e-01 -8.2796863268307819e-02 -8.9336160158401878e-01 3.2958667940553084e+01 -6.7364199630497701e-01 -6.2706927943635538e-01 3.9114010226696960e-01 -3.6994538312385245e+01 0.0000000000000000e+00 0.0000000000000000e+00 0.0000000000000000e+00 1.0000000000000000e+00</transform>
        <orientation>1</orientation>
      </camera>
      <camera id="69" label="DSC02126.JPG" sensor_id="2" enabled="1">
        <transform>-6.0737644924690348e-01 7.6814480078162128e-01 2.0260161384447831e-01 -1.6167129800191532e+01 -3.9685920348033277e-01 -7.2459548211235347e-02 -9.1501496517050451e-01 3.3883542950285403e+01 -6.8818356672706127e-01 -6.3616285564718977e-01 3.4885555690232817e-01 -3.3072953128318630e+01 0.0000000000000000e+00 0.0000000000000000e+00 0.0000000000000000e+00 1.0000000000000000e+00</transform>
        <orientation>1</orientation>
      </camera>
      <camera id="70" label="DSC02127.JPG" sensor_id="2" enabled="1">
        <transform>-6.4606838557246005e-01 7.5416796369297334e-01 1.1758538898600174e-01 -1.1473123652010521e+01 -2.5709263419035755e-01 -6.9964055414652004e-02 -9.6385082268730715e-01 3.3284592539189859e+01 -7.1867866157891336e-01 -6.5294388234298506e-01 2.3909259273765116e-01 -2.7653267079815702e+01 0.0000000000000000e+00 0.0000000000000000e+00 0.0000000000000000e+00 1.0000000000000000e+00</transform>
        <orientation>1</orientation>
      </camera>
      <camera id="71" label="DSC02128.JPG" sensor_id="2" enabled="1">
        <transform>-6.6593985494984997e-01 7.4454309056503853e-01 4.6687213251953574e-02 -6.9709768074617458e+00 -1.7506049041811916e-01 -9.5130254880212095e-02 -9.7995104944124289e-01 3.0010175234434268e+01 -7.2517441645713088e-01 -6.6076154617099681e-01 1.9369110670800826e-01 -2.2254316552415283e+01 0.0000000000000000e+00 0.0000000000000000e+00 0.0000000000000000e+00 1.0000000000000000e+00</transform>
        <orientation>1</orientation>
      </camera>
      <camera id="72" label="DSC02129.JPG" sensor_id="2" enabled="1">
        <transform>-6.6776244750859659e-01 7.4427399031939090e-01 -1.2228697043436265e-02 -4.3415321836858141e+00 -1.0337707845567801e-01 -1.0899381466287672e-01 -9.8865237976510412e-01 2.7488570922745531e+01 -7.3716110406565649e-01 -6.5892076587347459e-01 1.4972284713234962e-01 -1.8661137163726551e+01 0.0000000000000000e+00 0.0000000000000000e+00 0.0000000000000000e+00 1.0000000000000000e+00</transform>
        <orientation>1</orientation>
      </camera>
      <camera id="73" label="DSC02130.JPG" sensor_id="2" enabled="1">
        <transform>-6.8206581145637990e-01 7.1006970725597462e-01 1.7489208009445339e-01 -2.1228706279651792e+01 -2.8132142820226724e-01 -3.4019769802596467e-02 -9.5901038018199536e-01 2.6584184666394435e+01 -6.7501443160615970e-01 -7.0330908290736116e-01 2.2296154606438434e-01 -3.6941862873666075e+01 0.0000000000000000e+00 0.0000000000000000e+00 0.0000000000000000e+00 1.0000000000000000e+00</transform>
        <orientation>1</orientation>
      </camera>
      <camera id="74" label="DSC02131.JPG" sensor_id="2" enabled="1">
        <transform>-6.2625914561852458e-01 6.6860696175034384e-01 4.0095412858347024e-01 -2.9648799173228760e+01 -5.0760036846881662e-01 4.0658980240674270e-02 -8.6063274005589052e-01 2.3157850397701704e+01 -5.9172742750313445e-01 -7.4250358788679460e-01 3.1392208191804538e-01 -4.1704556009664316e+01 0.0000000000000000e+00 0.0000000000000000e+00 0.0000000000000000e+00 1.0000000000000000e+00</transform>
        <orientation>1</orientation>
      </camera>
      <camera id="75" label="DSC02132.JPG" sensor_id="2" enabled="1">
        <transform>-5.8227418851913026e-01 6.5310232108246369e-01 4.8416332738145978e-01 -3.3380891545879969e+01 -5.9934596993168532e-01 5.7543202198473753e-02 -7.9841918076120444e-01 2.0523370521955385e+01 -5.4930972839649905e-01 -7.5508021963063232e-01 3.5792832272889585e-01 -4.5631798487922559e+01 0.0000000000000000e+00 0.0000000000000000e+00 0.0000000000000000e+00 1.0000000000000000e+00</transform>
        <orientation>1</orientation>
      </camera>
      <camera id="76" label="DSC02133.JPG" sensor_id="2" enabled="1">
        <transform>-5.9378329086180770e-01 6.1037681886451256e-01 5.2427239340457377e-01 -3.8466590263758007e+01 -5.8425954101968902e-01 1.2092361057465506e-01 -8.0250748852147913e-01 1.7355665821436812e+01 -5.5322887869378656e-01 -7.8282668541537825e-01 2.8481606060892761e-01 -4.6899687788686528e+01 0.0000000000000000e+00 0.0000000000000000e+00 0.0000000000000000e+00 1.0000000000000000e+00</transform>
        <orientation>1</orientation>
      </camera>
      <camera id="77" label="DSC02134.JPG" sensor_id="2" enabled="1">
        <transform>-5.5079594518441022e-01 5.2894718039485589e-01 6.4563047257757589e-01 -4.8251053213908520e+01 -6.8559551323293111e-01 1.5443320712217856e-01 -7.1141350617825072e-01 7.7888274210947950e+00 -4.7600695268376714e-01 -8.3448502975804772e-01 2.7758262933120281e-01 -5.3338825976040049e+01 0.0000000000000000e+00 0.0000000000000000e+00 0.0000000000000000e+00 1.0000000000000000e+00</transform>
        <orientation>1</orientation>
      </camera>
      <camera id="78" label="DSC02135.JPG" sensor_id="2" enabled="1">
        <transform>-5.7660778536068602e-01 4.7134316437337681e-01 6.6735229321546286e-01 -5.5003010565034614e+01 -7.0505790016737802e-01 1.2564769506277018e-01 -6.9792980602420263e-01 5.3009658584198167e+00 -4.1281572071932138e-01 -8.7295376631520727e-01 2.5987478254552188e-01 -5.4424435572589637e+01 0.0000000000000000e+00 0.0000000000000000e+00 0.0000000000000000e+00 1.0000000000000000e+00</transform>
        <orientation>1</orientation>
      </camera>
      <camera id="79" label="DSC02136.JPG" sensor_id="2" enabled="1">
        <transform>-5.6265920079459164e-01 7.6151193668552919e-01 3.2173621811453901e-01 -4.6418011486757926e+01 -6.4134765624833356e-01 -1.5653038594105234e-01 -7.5111345488009662e-01 4.8629268817566214e+00 -5.2162036730361760e-01 -6.2896566564686185e-01 5.7646715765205525e-01 -6.0965111476969845e+01 0.0000000000000000e+00 0.0000000000000000e+00 0.0000000000000000e+00 1.0000000000000000e+00</transform>
        <orientation>1</orientation>
      </camera>
      <camera id="80" label="DSC02137.JPG" sensor_id="2" enabled="1">
        <transform>-5.1346638303532854e-01 8.1945699344497847e-01 2.5464192385923728e-01 -4.0765280391130432e+01 -6.8350181291656109e-01 -2.1114696850939313e-01 -6.9874332156312402e-01 4.0084627558340120e+00 -5.1882323119959772e-01 -5.3282942259545840e-01 6.6851721083618987e-01 -6.4411813775285225e+01 0.0000000000000000e+00 0.0000000000000000e+00 0.0000000000000000e+00 1.0000000000000000e+00</transform>
        <orientation>1</orientation>
      </camera>
      <camera id="81" label="DSC02138.JPG" sensor_id="2" enabled="1">
        <transform>-4.7922079486453362e-01 8.4665726079633241e-01 2.3134154946800117e-01 -3.6503468668422329e+01 -7.1401774888986991e-01 -2.2278486619087806e-01 -6.6373606024274068e-01 2.8338846560773163e+00 -5.1041755851424919e-01 -4.8325809474561687e-01 7.1129145209484212e-01 -6.5780726697587426e+01 0.0000000000000000e+00 0.0000000000000000e+00 0.0000000000000000e+00 1.0000000000000000e+00</transform>
        <orientation>1</orientation>
      </camera>
      <camera id="82" label="DSC02139.JPG" sensor_id="2" enabled="1">
        <transform>-4.5988389563877219e-01 8.2738167777532667e-01 -3.2240713672900023e-01 -2.6078427747739646e+01 -6.0163702318006940e-01 -5.5736578624910527e-01 -5.7216804582040526e-01 -3.3080551042200348e+00 -6.5310006497559892e-01 -6.9158799878266120e-02 7.5410699872648468e-01 -6.1379471550651893e+01 0.0000000000000000e+00 0.0000000000000000e+00 0.0000000000000000e+00 1.0000000000000000e+00</transform>
        <orientation>1</orientation>
      </camera>
      <camera id="83" label="DSC02140.JPG" sensor_id="2" enabled="1">
        <transform>-3.9434855699832833e-01 7.4592094696096944e-01 -5.3674123791468353e-01 -2.0349379443756046e+01 -6.7867631747552137e-01 -6.3019431370015411e-01 -3.7716519335412863e-01 -1.8635293717405155e+00 -6.1958669424964385e-01 2.1553901703599404e-01 7.5475509964753196e-01 -5.9349704537965351e+01 0.0000000000000000e+00 0.0000000000000000e+00 0.0000000000000000e+00 1.0000000000000000e+00</transform>
        <orientation>1</orientation>
      </camera>
